1 0.7435897437500001 0.264957265625 0.724358975 0.2371794875 0.715811965625 0.23931623906250002 0.7179487171875001 0.23290598281250002 0.7115384609375 0.22863247812499998 0.702991453125 0.23504273437499998 0.6858974359375 0.222222221875 0.68162393125 0.20299145312500003 0.6666666671875 0.190170940625 0.6688034187499999 0.1794871796875 0.7179487171875001 0.1730769234375 0.6688034187499999 0.1730769234375 0.6367521375 0.1623931625 0.6260683765625 0.15170940156249998 0.5491452984375 0.1324786328125 0.5576923078125 0.1602564109375 0.5662393156250001 0.1623931625 0.5705128203125 0.15170940156249998 0.5811965812500001 0.15170940156249998 0.615384615625 0.1645299140625 0.6581196578124999 0.20085470156250002 0.6901709406250001 0.2414529921875 0.7051282046875 0.2414529921875 0.7435897437500001 0.275641025 0.7435897437500001 0.264957265625
1 0.3675213671875 0.15811965781249998 0.27991452968749997 0.1709401703125 0.26923076875 0.18376068437499998 0.25213675156250004 0.190170940625 0.20085470156250002 0.19444444375 0.1794871796875 0.20299145312500003 0.24572649531250002 0.20299145312500003 0.3824786328125 0.15811965781249998 0.44230769218750005 0.14529914531250002 0.4615384609375 0.15170940156249998 0.47863247812500004 0.16880341875 0.5235042734375 0.16880341875 0.5235042734375 0.1666666671875 0.5 0.153846153125 0.485042734375 0.15598290625 0.4572649578125 0.13888888906250002 0.43162393125 0.13675213749999998 0.37820512812499996 0.14957265 0.3675213671875 0.15811965781249998
1 0.45940170937499997 0.15811965781249998 0.40598290625000005 0.2136752140625 0.297008546875 0.3012820515625 0.2606837609375 0.35042735 0.1602564109375 0.43589743593749997 0.1132478625 0.48290598281249997 0.108974359375 0.49786324843749996 0.23076923124999998 0.39743589687499997 0.2414529921875 0.3952991453125 0.25 0.4166666671875 0.2585470078125 0.37820512812499996 0.2735042734375 0.35683760625 0.3482905984375 0.275641025 0.3675213671875 0.2606837609375 0.3824786328125 0.2585470078125 0.46581196562500005 0.1794871796875 0.4893162390625 0.16880341875 0.525641025 0.1794871796875 0.574786325 0.1602564109375 0.5790598296875 0.1645299140625 0.5811965812500001 0.15598290625 0.6324786328124999 0.1730769234375 0.6324786328124999 0.1709401703125 0.615384615625 0.147435896875 0.5705128203125 0.13675213749999998 0.5619658125 0.128205128125 0.56837606875 0.11538461562499999 0.5641025640625 0.102564103125 0.5170940171875 0.128205128125 0.47863247812500004 0.1111111109375 0.49786324843749996 0.1324786328125 0.49145299218750005 0.141025640625 0.42948717968750005 0.134615384375 0.35256410312500003 0.15811965781249998 0.2820512828125 0.16880341875 0.25 0.1880341875 0.19871794843749999 0.1923076921875 0.15598290625 0.2072649578125 0.14529914531250002 0.215811965625 0.13888888906250002 0.23504273437499998 0.1666666671875 0.215811965625 0.20299145312500003 0.20512820468749998 0.2542735046875 0.20299145312500003 0.2884615390625 0.1880341875 0.4209401703125 0.153846153125 0.446581196875 0.15170940156249998 0.45940170937499997 0.15811965781249998
1 0.7136752140625 0.055555556250000006 0.7136752140625 0.053418803125000004 0.6730769234375 0.0641025640625 0.6239316234375 0.0982905984375 0.6623931625 0.09401709375 0.7136752140625 0.055555556250000006
1 0.6196581203125 0.096153846875 0.6068376062499999 0.10042735 0.608974359375 0.108974359375 0.6196581203125 0.10042735 0.6196581203125 0.096153846875
1 0.60042735 0.0491452984375 0.59401709375 0.08333333281250001 0.602564103125 0.08119658125 0.6431623937500001 0.0042735046875000005 0.6452991453125 0.0021367515625 0.6260683765625 0.0106837609375 0.6111111109375 0.029914529687500004 0.60042735 0.0491452984375
1 0.355642184375 0 0.388527778125 0.0296196578125 0.4073205125 0.062104701562499996 0.378277778125 0.0689423078125 0.342401709375 0.0552649578125 0.303108975 0.04842735 0.26723290624999996 0.0552649578125 0.22964743593749998 0.0655235046875 0.2484401703125 0.0757820515625 0.2894423078125 0.06723290625 0.333858975 0.0689423078125 0.37144444375 0.0826196578125 0.4056111109375 0.0962991453125 0.44490384687500006 0.098008546875 0.472239315625 0.10655555624999999 0.44319658124999994 0.077491453125 0.42269658125 0.0398782046875 0.3902371796875 0.012523504687500001 0.37414735 0 0.355642184375 0
1 0.51931885625 0 0.528615384375 0.027910256249999998 0.5303247859375 0.0723632484375 0.5456987171875001 0.10142735 0.564491453125 0.08775 0.5525320515625001 0.062104701562499996 0.5491153843750001 0.0364594015625 0.54753251875 0 0.51931885625 0
1 0.5763838890625 0 0.5679081203125 0.0330384609375 0.559365384375 0.0655235046875 0.5764508546875 0.0757820515625 0.5884081203125 0.0296196578125 0.5835645421875 0 0.5763838890625 0
2 0.6020769234375 0.2228162390625 0.6128205125 0.10470085468749998 0.5679081203125 0.08091025625 0.5149487171875 0.084331196875 0.46369658124999996 0.111685896875 0.43977991406249994 0.1886217953125 0.4654059828125 0.23820299218750002 0.5303247859375 0.25358974375 0.6020769234375 0.2228162390625
0 0.45515598281249997 0.6622094015625 0.49957265 0.6109166671875 0.47820512812500005 0.5448717953125 0.42098717968750005 0.549367521875 0.4056111109375 0.636564103125 0.45515598281249997 0.6622094015625