1 0.2605042015625 0.32773109218749996 0.294117646875 0.289915965625 0.2836134453125 0.289915965625 0.2563025203125 0.30882352968750004 0.2584033609375 0.317226890625 0.252100840625 0.31512605 0.247899159375 0.32142857187499996 0.25420168125 0.3298319328125 0.2415966390625 0.3466386546875 0.222689075 0.35084033593749997 0.21008403437499998 0.36554621875 0.19957983125 0.363445378125 0.1932773109375 0.31512605 0.1932773109375 0.363445378125 0.182773109375 0.3949579828125 0.17226890781249998 0.405462184375 0.1533613453125 0.48109243749999997 0.18067226875 0.472689075 0.182773109375 0.46428571406249997 0.17226890781249998 0.460084034375 0.17226890781249998 0.44957983125 0.18487395 0.41596638593749996 0.2205882359375 0.3739495796875 0.2605042015625 0.342436975 0.2605042015625 0.32773109218749996
1 0.157563025 0.5966386546875 0.1701680671875 0.6491596640624999 0.178571428125 0.659663865625 0.1911764703125 0.74579831875 0.20378151249999998 0.7563025203125 0.21008403437499998 0.77310924375 0.2142857140625 0.8235294124999999 0.222689075 0.844537815625 0.222689075 0.7794117640625 0.178571428125 0.6449579828124999 0.1659663859375 0.586134453125 0.17226890781249998 0.567226890625 0.1890756296875 0.55042016875 0.1890756296875 0.5063025203125 0.186974790625 0.5063025203125 0.1743697484375 0.5294117640625 0.1764705875 0.544117646875 0.15966386562499998 0.5714285718750001 0.157563025 0.5966386546875
1 0.1743697484375 0.6071428578125 0.17226890781249998 0.5819327734375 0.178571428125 0.56932773125 0.2331932765625 0.6218487390625 0.31932773124999997 0.728991596875 0.367647059375 0.7647058828125 0.451680671875 0.863445378125 0.497899159375 0.909663865625 0.5126050421875 0.9138655468750001 0.413865546875 0.794117646875 0.41176470624999995 0.7836134453125 0.43277310937499996 0.775210084375 0.3949579828125 0.7668067234375 0.3739495796875 0.752100840625 0.294117646875 0.6785714281249999 0.2794117640625 0.659663865625 0.277310925 0.6449579828124999 0.19957983125 0.563025209375 0.1890756296875 0.539915965625 0.19957983125 0.50420168125 0.18067226875 0.455882353125 0.18487395 0.451680671875 0.1764705875 0.44957983125 0.1932773109375 0.39915966406250003 0.1911764703125 0.39915966406250003 0.1680672265625 0.41596638593749996 0.157563025 0.460084034375 0.1491596640625 0.4684873953125 0.136554621875 0.4621848734375 0.1239495796875 0.4663865546875 0.1491596640625 0.5126050421875 0.132352940625 0.55042016875 0.1533613453125 0.5315126046875001 0.16176470625 0.5378151265625 0.15546218437499998 0.5987394953125 0.178571428125 0.6743697484375 0.1890756296875 0.7436974796875 0.20798319375 0.775210084375 0.21218487343749998 0.8256302515625 0.22689075625 0.8676470593750001 0.23529411718749998 0.8781512609375 0.25420168125 0.8844537812500001 0.23529411718749998 0.8571428578125 0.224789915625 0.8214285718750001 0.222689075 0.771008403125 0.20798319375 0.7373949578125 0.1743697484375 0.6071428578125
1 0.1197478984375 0.40756302499999997 0.11554621875 0.3697478984375 0.07773109218749999 0.31932773124999997 0.0756302515625 0.31932773124999997 0.086134453125 0.359243696875 0.1197478984375 0.40756302499999997
1 0.1302521015625 0.4222689078125 0.1218487390625 0.41176470624999995 0.117647059375 0.41176470624999995 0.1218487390625 0.42436974843749997 0.1302521015625 0.4222689078125
1 0.033613445312500004 0.405462184375 0.0525210078125 0.4201680671875 0.071428571875 0.43067226875 0.10504201718749999 0.436974790625 0.10294117656249999 0.428571428125 0.027310925000000003 0.3886554625 0.025210084375000004 0.386554621875 0.033613445312500004 0.405462184375
1 0.03542226875 0.63732983125 0.0118886546875 0.6675651265625 0.021974790625 0.672602940625 0.052231092187499994 0.6390105046875 0.08417016875 0.6205336140625 0.0908928578125 0.6490882359375 0.07744537812499999 0.6843613453125 0.0707226890625 0.7229936968749999 0.07744537812499999 0.75826680625 0.08753151249999999 0.7952205875 0.09761764687499999 0.776743696875 0.089212184375 0.736430671875 0.0908928578125 0.6927605046875 0.1043403359375 0.6558067234375 0.117789915625 0.6222142859375001 0.11947058749999999 0.5835819328125 0.12787395 0.5567058828125 0.09929831875 0.5852605046875 0.06231722656250001 0.605415965625 0.03542226875 0.63732983125
1 0.109384453125 0.4660042015625 0.08417016875 0.4777626046875 0.058955882812500006 0.4811218484375 0.0202920171875 0.48280042031250003 0.0068445375 0.4979180671875 0.005163865625 0.5163949578125 0.0505504203125 0.5012773109374999 0.094256303125 0.4995966390625 0.1228319328125 0.4844810921875 0.109384453125 0.4660042015625
1 0.08753151249999999 0.4710441171875 0.09761764687499999 0.4542457984375 0.052231092187499994 0.44248949531250004 0.0063025203125 0.45 0.0555924375 0.46264495781250004 0.08753151249999999 0.4710441171875
2 0.2573088234375 0.5634243703124999 0.272436975 0.4995966390625 0.242180671875 0.42905042031249996 0.1260504203125 0.4184873953125 0.1026596640625 0.46264495781250004 0.106023109375 0.5147142859375 0.13291806718750002 0.5651050421875 0.208560925 0.5886197484375 0.2573088234375 0.5634243703124999
0 0.5632436968750001 0.6070966390625 0.648974790625 0.6222142859375001 0.6741890749999999 0.5735021015624999 0.623758403125 0.5298319328125001 0.5588235296875 0.5508403359375 0.5632436968750001 0.6070966390625