2 0.7637341265625001 0.915748015625 0.797222221875 0.896825396875 0.7573888890625 0.809380953125 0.6590357140624999 0.774454365625 0.5971666671875 0.7950912703124999 0.563853175 0.836369046875 0.5575079359374999 0.90304761875 0.6146170640624999 0.9697261906250001 0.6939345234375 0.9522619046875 0.7637341265625001 0.915748015625
0 0.4877083328125 0.3092936515625 0.5146765875 0.3553333328125 0.56904761875 0.353174603125 0.60509920625 0.2934166671875 0.532126984375 0.27912896875 0.4877083328125 0.3092936515625
1 0.7579365078125 0.8293650796875 0.7301587296875 0.8511904765624999 0.7261904765625 0.8452380953124999 0.734126984375 0.83134920625 0.75595238125 0.8234126984374999 0.740079365625 0.8015873015625001 0.728174603125 0.8015873015625001 0.722222221875 0.809523809375 0.7242063484375 0.8194444437499999 0.702380953125 0.8492063484375001 0.6785714281249999 0.90674603125 0.6884920640625001 0.90674603125 0.7043650796875001 0.8888888890625 0.734126984375 0.90674603125 0.777777778125 0.90674603125 0.79365079375 0.9007936515624999 0.8035714281249999 0.890873015625 0.797619046875 0.884920634375 0.777777778125 0.88095238125 0.7698412703125 0.8888888890625 0.7539682546875001 0.890873015625 0.7301587296875 0.8829365078125001 0.728174603125 0.8730158734375 0.8353174609374999 0.8055555562500001 0.8551587296875001 0.78174603125 0.8769841265625 0.7698412703125 0.902777778125 0.7301587296875 0.9007936515624999 0.7301587296875 0.896825396875 0.716269840625 0.86904761875 0.7619047625 0.8511904765624999 0.777777778125 0.8333333328125001 0.783730159375 0.78174603125 0.825396825 0.7579365078125 0.8293650796875
1 0.41468253906249997 0.6884920640625001 0.41468253906249997 0.6825396828125 0.3730158734375 0.6329365078125 0.3571428578125 0.59325396875 0.3492063484375 0.591269840625 0.3730158734375 0.6448412703125 0.3988095234375 0.6805555562500001 0.41468253906249997 0.6884920640625001
1 0.446428571875 0.7638888890625 0.4384920640625 0.7619047625 0.44444444375 0.7738095234375 0.440476190625 0.7857142859375 0.396825396875 0.7738095234375 0.3353174609375 0.7301587296875 0.27777777812500004 0.700396825 0.2619047625 0.6984126984375 0.1765873015625 0.6428571421875 0.1428571421875 0.6111111109375 0.1329365078125 0.591269840625 0.1230158734375 0.5892857140625 0.1230158734375 0.5615079359374999 0.1111111109375 0.5555555562500001 0.1230158734375 0.59325396875 0.13095238125 0.597222221875 0.1448412703125 0.63095238125 0.1765873015625 0.6607142859375 0.2460317453125 0.7043650796875001 0.259920634375 0.70634920625 0.3075396828125 0.7380952375 0.327380953125 0.74404761875 0.3730158734375 0.777777778125 0.49007936562500004 0.8234126984374999 0.58134920625 0.8888888890625 0.58134920625 0.8869047625 0.5416666671875 0.8353174609374999 0.50595238125 0.8214285718750001 0.4543650796875 0.7876984125 0.450396825 0.78174603125 0.4583333328125 0.7797619046875 0.446428571875 0.7638888890625
1 0.58134920625 0.7876984125 0.597222221875 0.783730159375 0.603174603125 0.8015873015625001 0.609126984375 0.7857142859375 0.609126984375 0.7698412703125 0.5992063484375 0.7202380953125 0.59325396875 0.7142857140625 0.591269840625 0.684523809375 0.575396825 0.6507936515625 0.597222221875 0.765873015625 0.58134920625 0.7876984125
1 0.4265873015625 0.7142857140625 0.41468253906249997 0.6825396828125 0.3670634921875 0.6210317453124999 0.3670634921875 0.6329365078125 0.41468253906249997 0.6964285718750001 0.4265873015625 0.722222221875 0.4265873015625 0.7142857140625
1 0.527777778125 0.827380953125 0.450396825 0.7857142859375 0.3888888890625 0.7678571421875 0.3373015875 0.7301587296875 0.2896825390625 0.70634920625 0.2876984125 0.6984126984375 0.2619047625 0.6944444437499999 0.1666666671875 0.63095238125 0.1329365078125 0.5873015875 0.11309523749999999 0.50595238125 0.08333333281250001 0.450396825 0.06944444375 0.396825396875 0.075396825 0.450396825 0.08333333281250001 0.4583333328125 0.0892857140625 0.48214285781250005 0.10119047656249999 0.4920634921875 0.097222221875 0.49801587343750003 0.1111111109375 0.5376984125 0.10714285781249999 0.5615079359374999 0.13888888906250002 0.6269841265625 0.16865079375 0.65674603125 0.23611111093749998 0.700396825 0.327380953125 0.7460317453124999 0.375 0.78174603125 0.4543650796875 0.809523809375 0.5257936515625 0.847222221875 0.5833333328125 0.8988095234375001 0.6111111109375 0.908730159375 0.61904761875 0.91865079375 0.6170634921875 0.9285714281249999 0.6785714281249999 0.922619046875 0.7103174609375 0.9285714281249999 0.7103174609375 0.9265873015625001 0.6924603171875 0.9166666671874999 0.646825396875 0.908730159375 0.6369047625 0.9126984125 0.603174603125 0.902777778125 0.54365079375 0.8373015875 0.527777778125 0.827380953125
1 0.79365079375 0.3829365078125 0.797619046875 0.4126984125 0.7916666671875 0.4384920640625 0.799603175 0.5178571421875 0.8075396828124999 0.5416666671875 0.8134920640625 0.5416666671875 0.8134920640625 0.5376984125 0.799603175 0.44444444375 0.8055555562500001 0.434523809375 0.8075396828124999 0.259920634375 0.8055555562500001 0.22619047656250002 0.799603175 0.222222221875 0.79365079375 0.3829365078125
1 0.7480158734375 0.7916666671875 0.75 0.7698412703125 0.7896825390625 0.6884920640625001 0.8174603171875001 0.5873015875 0.83134920625 0.58134920625 0.83134920625 0.575396825 0.8194444437499999 0.547619046875 0.777777778125 0.6825396828125 0.7420634921875 0.765873015625 0.734126984375 0.7956349203124999 0.7380952375 0.8035714281249999 0.7480158734375 0.7916666671875
1 0.8373015875 0.4126984125 0.825396825 0.5257936515625 0.8333333328125001 0.5138888890625 0.841269840625 0.46031746093750003 0.841269840625 0.446428571875 0.8373015875 0.4126984125
1 0.8392857140625001 0.6051587296875 0.8670634921874999 0.6289682546875001 0.8670634921874999 0.6269841265625 0.8373015875 0.59325396875 0.8392857140625001 0.6051587296875
1 0.2916666671875 0.478174603125 0.31150793593750004 0.53174603125 0.3373015875 0.5615079359374999 0.3730158734375 0.646825396875 0.41865079375 0.7083333328125 0.4265873015625 0.7361111109375 0.4325396828125 0.7361111109375 0.4325396828125 0.734126984375 0.4166666671875 0.6805555562500001 0.3710317453125 0.6269841265625 0.3511904765625 0.5714285718750001 0.30357142812500004 0.5 0.2916666671875 0.45634920625 0.2916666671875 0.478174603125
1 0.5039682546875001 0.896825396875 0.46428571406249997 0.8769841265625 0.396825396875 0.827380953125 0.3888888890625 0.8293650796875 0.450396825 0.88095238125 0.5039682546875001 0.9007936515624999 0.5039682546875001 0.896825396875
1 0.43055555625 0.5039682546875001 0.4007936515625 0.48809523749999995 0.44444444375 0.53174603125 0.4861111109375 0.559523809375 0.484126984375 0.5575396828125 0.43055555625 0.5039682546875001
1 0.1924603171875 0.6488095234375 0.17261904687500002 0.6547619046875 0.20039682499999997 0.672619046875 0.21031746093749998 0.672619046875 0.21031746093749998 0.6646825390625 0.1924603171875 0.6488095234375
1 0.434523809375 0.7619047625 0.4484126984375 0.7857142859375 0.3928571421875 0.771825396875 0.3174603171875 0.7202380953125 0.2797619046875 0.70634920625 0.2757936515625 0.7103174609375 0.2698412703125 0.6984126984375 0.25595238125 0.702380953125 0.25595238125 0.6944444437499999 0.2380952375 0.6944444437499999 0.234126984375 0.690476190625 0.2420634921875 0.6865079359374999 0.24007936562499999 0.6825396828125 0.2301587296875 0.6865079359374999 0.22619047656250002 0.6785714281249999 0.2123015875 0.6785714281249999 0.25 0.7043650796875001 0.2797619046875 0.7123015875 0.28174603125000003 0.7202380953125 0.3234126984375 0.740079365625 0.38095238125 0.783730159375 0.4861111109375 0.8234126984374999 0.575396825 0.884920634375 0.575396825 0.8789682546875 0.54365079375 0.8373015875 0.4543650796875 0.7876984125 0.4543650796875 0.7797619046875 0.46031746093750003 0.78174603125 0.4384920640625 0.75 0.434523809375 0.7619047625
1 0.5853174609375 0.896825396875 0.5833333328125 0.902777778125 0.5992063484375 0.90674603125 0.5992063484375 0.9166666671874999 0.547619046875 0.9166666671874999 0.5694444437499999 0.9444444437499999 0.615079365625 0.9325396828124999 0.6170634921875 0.9583333328125001 0.6547619046875 0.924603175 0.728174603125 0.934523809375 0.728174603125 0.9325396828124999 0.722222221875 0.924603175 0.6805555562500001 0.9126984125 0.625 0.9126984125 0.6289682546875001 0.90674603125 0.5952380953125 0.896825396875 0.5853174609375 0.896825396875