2 0.22394758124999997 0.065449596875 0.1899193546875 0.08467741875 0.23039516093749998 0.17353225781249998 0.330334678125 0.20902217812499999 0.3932016125 0.18805241875 0.42705241875000005 0.1461088703125 0.4335 0.0783548390625 0.3754697578125 0.01060080625 0.294872984375 0.0283467734375 0.22394758124999997 0.065449596875
0 0.5044254031250001 0.681685484375 0.47702217812500003 0.6349032265625 0.42177419374999997 0.6370967734375 0.3851411296875 0.6978185484375 0.459290321875 0.71233669375 0.5044254031250001 0.681685484375
1 0.229838709375 0.15322580624999999 0.258064515625 0.1310483875 0.26209677343750004 0.13709677343749999 0.2540322578125 0.151209678125 0.2318548390625 0.15927419375000001 0.2479838703125 0.1814516125 0.2600806453125 0.1814516125 0.2661290328125 0.173387096875 0.264112903125 0.1633064515625 0.28629032187500003 0.133064515625 0.3104838703125 0.0745967734375 0.30040322656249996 0.0745967734375 0.28427419375 0.09274193593749999 0.2540322578125 0.0745967734375 0.20967741874999998 0.0745967734375 0.1935483875 0.0806451609375 0.1834677421875 0.09072580625 0.1895161296875 0.09677419375 0.20967741874999998 0.10080645156250001 0.2177419359375 0.09274193593749999 0.23387096718749997 0.09072580625 0.258064515625 0.098790321875 0.2600806453125 0.1088709671875 0.151209678125 0.1774193546875 0.1310483875 0.20161290312500002 0.1088709671875 0.213709678125 0.082661290625 0.2540322578125 0.08467741875 0.2540322578125 0.088709678125 0.26814516093749996 0.11693548437500001 0.22177419375000001 0.1350806453125 0.2056451609375 0.15322580624999999 0.19959677343749999 0.2056451609375 0.1572580640625 0.229838709375 0.15322580624999999
1 0.5786290328125 0.2963709671875 0.5786290328125 0.3024193546875 0.6209677421875 0.35282258125 0.6370967734375 0.39314516093749996 0.645161290625 0.395161290625 0.6209677421875 0.34072580625 0.5947580640625 0.304435484375 0.5786290328125 0.2963709671875
1 0.5463709671875 0.2197580640625 0.554435484375 0.22177419375000001 0.548387096875 0.20967741874999998 0.5524193546875 0.1975806453125 0.59677419375 0.20967741874999998 0.65927419375 0.2540322578125 0.7177419359375 0.28427419375 0.7338709671875 0.28629032187500003 0.820564515625 0.3427419359375 0.854838709375 0.375 0.8649193546875 0.395161290625 0.875 0.39717741875 0.875 0.42540322656249996 0.8870967734375 0.43145161249999997 0.875 0.39314516093749996 0.866935484375 0.389112903125 0.8528225812500001 0.354838709375 0.820564515625 0.32459677343750004 0.75 0.2802419359375 0.735887096875 0.27822580625 0.6875 0.2459677421875 0.667338709375 0.23991935468749997 0.6209677421875 0.2056451609375 0.5020161296875 0.15927419375000001 0.40927419374999996 0.09274193593749999 0.40927419374999996 0.09475806406250001 0.44959677343750004 0.14717741875 0.485887096875 0.161290321875 0.5383064515625 0.195564515625 0.542338709375 0.20161290312500002 0.53427419375 0.20362903281250003 0.5463709671875 0.2197580640625
1 0.40927419374999996 0.195564515625 0.39314516093749996 0.19959677343749999 0.38709677343750004 0.1814516125 0.38104838750000003 0.1975806453125 0.38104838750000003 0.213709678125 0.3911290328125 0.264112903125 0.39717741875 0.270161290625 0.3991935484375 0.30040322656249996 0.41532258125 0.33467741875 0.39314516093749996 0.2177419359375 0.40927419374999996 0.195564515625
1 0.5665322578125 0.270161290625 0.5786290328125 0.3024193546875 0.6270161296875 0.3649193546875 0.6270161296875 0.35282258125 0.5786290328125 0.2883064515625 0.5665322578125 0.26209677343750004 0.5665322578125 0.270161290625
1 0.463709678125 0.1552419359375 0.542338709375 0.1975806453125 0.604838709375 0.21572580624999999 0.6572580640625 0.2540322578125 0.7056451609375001 0.27822580625 0.707661290625 0.28629032187500003 0.7338709671875 0.29032258125 0.8306451609375 0.354838709375 0.8649193546875 0.3991935484375 0.8850806453125 0.4818548390625 0.9153225812500001 0.5383064515625 0.929435484375 0.5927419359375 0.9233870968750001 0.5383064515625 0.9153225812500001 0.5302419359375 0.90927419375 0.5060483875 0.8971774187499999 0.4959677421875 0.901209678125 0.4899193546875 0.8870967734375 0.44959677343750004 0.8911290328125 0.42540322656249996 0.8588709671875 0.3588709671875 0.8286290328125 0.3286290328125 0.7600806453125 0.28427419375 0.667338709375 0.2379032265625 0.6189516125 0.20161290312500002 0.5383064515625 0.173387096875 0.46572580625000004 0.1350806453125 0.4072580640625 0.082661290625 0.3790322578125 0.0725806453125 0.3709677421875 0.0625 0.3729838703125 0.052419354687499996 0.3104838703125 0.058467742187500005 0.27822580625 0.052419354687499996 0.27822580625 0.054435484374999996 0.2963709671875 0.0645161296875 0.3427419359375 0.0725806453125 0.35282258125 0.0685483875 0.38709677343750004 0.0786290328125 0.4475806453125 0.145161290625 0.463709678125 0.1552419359375
1 0.1935483875 0.6068548390624999 0.1895161296875 0.576612903125 0.195564515625 0.5504032265625 0.1875 0.4697580640625 0.179435484375 0.445564515625 0.173387096875 0.445564515625 0.173387096875 0.44959677343750004 0.1875 0.5443548390624999 0.1814516125 0.554435484375 0.179435484375 0.7318548390624999 0.1814516125 0.7661290328125 0.1875 0.770161290625 0.1935483875 0.6068548390624999
1 0.23991935468749997 0.1915322578125 0.2379032265625 0.213709678125 0.1975806453125 0.2963709671875 0.16935483906249998 0.3991935484375 0.1552419359375 0.4052419359375 0.1552419359375 0.411290321875 0.167338709375 0.4395161296875 0.20967741874999998 0.3024193546875 0.2459677421875 0.2177419359375 0.2540322578125 0.1875 0.25 0.179435484375 0.23991935468749997 0.1915322578125
1 0.1491935484375 0.576612903125 0.161290321875 0.46169354843750005 0.15322580624999999 0.473790321875 0.145161290625 0.52822580625 0.145161290625 0.542338709375 0.1491935484375 0.576612903125
1 0.14717741875 0.38104838750000003 0.1189516125 0.35685483906250004 0.1189516125 0.3588709671875 0.1491935484375 0.39314516093749996 0.14717741875 0.38104838750000003
1 0.7036290328125 0.5100806453125 0.6834677421875 0.4556451609375 0.6572580640625 0.42540322656249996 0.6209677421875 0.33870967812499997 0.5745967734375 0.27620967812499997 0.5665322578125 0.2479838703125 0.5604838703125 0.2479838703125 0.5604838703125 0.25 0.576612903125 0.304435484375 0.6229838703125 0.3588709671875 0.6431451609375001 0.41532258125 0.6915322578125 0.48790322656249996 0.7036290328125 0.5322580640625 0.7036290328125 0.5100806453125
1 0.48790322656249996 0.08467741875 0.52822580625 0.10483870937499999 0.59677419375 0.1552419359375 0.604838709375 0.15322580624999999 0.542338709375 0.10080645156250001 0.48790322656249996 0.0806451609375 0.48790322656249996 0.08467741875
1 0.5625 0.4838709671875 0.5927419359375 0.5 0.548387096875 0.4556451609375 0.5060483875 0.4274193546875 0.508064515625 0.429435484375 0.5625 0.4838709671875
1 0.804435484375 0.3366935484375 0.8245967734375 0.33064516093749996 0.7963709671875 0.3125 0.7862903218749999 0.3125 0.7862903218749999 0.320564515625 0.804435484375 0.3366935484375
1 0.5584677421875 0.22177419375000001 0.5443548390624999 0.1975806453125 0.6008064515625 0.2116935484375 0.6774193546875 0.264112903125 0.71572580625 0.27822580625 0.7197580640625 0.2741935484375 0.7258064515625 0.28629032187500003 0.7399193546875 0.2822580640625 0.7399193546875 0.29032258125 0.758064515625 0.29032258125 0.7620967734375 0.29435483906250004 0.7540322578125 0.298387096875 0.7560483875 0.3024193546875 0.7661290328125 0.298387096875 0.770161290625 0.30645161249999997 0.78427419375 0.30645161249999997 0.7459677421875 0.2802419359375 0.71572580625 0.27217741875 0.7137096781250001 0.264112903125 0.6713709671875 0.2439516125 0.6129032265625 0.19959677343749999 0.5060483875 0.15927419375000001 0.41532258125 0.09677419375 0.41532258125 0.10282258124999999 0.4475806453125 0.145161290625 0.5383064515625 0.195564515625 0.5383064515625 0.20362903281250003 0.5322580640625 0.20161290312500002 0.554435484375 0.23387096718749997 0.5584677421875 0.22177419375000001
1 0.4052419359375 0.08467741875 0.4072580640625 0.0786290328125 0.3911290328125 0.0745967734375 0.3911290328125 0.0645161296875 0.44354838750000003 0.0645161296875 0.4213709671875 0.036290321874999996 0.375 0.048387096875 0.3729838703125 0.02217741875 0.33467741875 0.056451612500000005 0.2600806453125 0.0463709671875 0.2600806453125 0.048387096875 0.2661290328125 0.056451612500000005 0.3084677421875 0.0685483875 0.3649193546875 0.0685483875 0.360887096875 0.0745967734375 0.395161290625 0.08467741875 0.4052419359375 0.08467741875