2 0.4117 0.6710666671875 0.4266916671875 0.75608125 0.46875 0.7729166671875001 0.5083333328124999 0.7875 0.5458333328125 0.7729166671875001 0.5583333328125 0.75625 0.56875 0.7291666671875 0.5604166671875 0.6958333328124999 0.5432895828125 0.6477291671875001 0.48332499999999995 0.6193916671874999 0.4117 0.6710666671875
0 0.43333333281249997 0.41041666718750003 0.45625 0.3958333328125 0.47291666718750003 0.3625 0.47083333281249995 0.3229166671875 0.4291666671875 0.2916666671875 0.40625 0.30625 0.38333333281250004 0.3541666671875 0.3958333328125 0.38125 0.43333333281249997 0.41041666718750003
1 0.7458333328125 0.6291666671875 0.75625 0.625 0.8104166671874999 0.5520833328125 0.8666666671875 0.45625 0.8645833328125001 0.45416666718750004 0.85 0.46666666718750005 0.8479166671874999 0.4791666671875 0.7458333328125 0.61875 0.7458333328125 0.6291666671875
1 0.6666666671875 0.6666666671875 0.6645833328124999 0.6583333328125 0.71875 0.5958333328125 0.7666666671875 0.5125 0.7875 0.4916666671875 0.8 0.4895833328125 0.7875 0.4770833328125 0.80625 0.43958333281249995 0.80625 0.4145833328125 0.83125 0.35625 0.8125 0.3895833328125 0.7979166671875 0.4458333328125 0.78125 0.4791666671875 0.7541666671875 0.5 0.6854166671875 0.6166666671875001 0.63125 0.675 0.55 0.725 0.5229166671875001 0.7270833328124999 0.5208333328125 0.7395833328125 0.5541666671875001 0.7416666671875001 0.5791666671875 0.73125 0.6395833328125 0.6854166671875 0.6770833328125 0.6770833328125 0.68125 0.6833333328125 0.6708333328125 0.6916666671875 0.6208333328125 0.7145833328125 0.6125 0.725 0.6458333328125 0.7145833328125 0.6916666671875 0.6916666671875 0.7125 0.66875 0.7270833328124999 0.66875 0.7440686265625 0.63289215625 0.7375 0.63125 0.7291666671875 0.6479166671875001 0.7104166671875001 0.6604166671875 0.6666666671875 0.6666666671875
1 0.8666666671875 0.675 0.9666666671874999 0.6729166671875 0.9666666671874999 0.6708333328125 0.8604166671875 0.6666666671875 0.7729166671875001 0.675 0.7375 0.6666666671875 0.7395833328125 0.6770833328125 0.7708333328125 0.6854166671875 0.8666666671875 0.675
1 0.0375 0.3583333328125 0.0645833328125 0.4458333328125 0.0895833328125 0.48333333281249996 0.0916666671875 0.5229166671875001 0.1 0.5291666671875 0.1020833328125 0.5416666671875 0.1020833328125 0.5333333328125 0.1145833328125 0.525 0.1145833328125 0.5229166671875001 0.1041666671875 0.5208333328125 0.09375 0.5041666671875 0.09375 0.4770833328125 0.06875 0.43958333281249995 0.04375 0.3604166671875 0.0375 0.3583333328125
1 0.4583333328125 0.7208333328125 0.45 0.7229166671875 0.4 0.6979166671875 0.3458333328125 0.6520833328125 0.2875 0.6145833328125 0.2270833328125 0.5479166671875 0.1979166671875 0.5020833328125 0.19375 0.4791666671875 0.24375 0.40416666718750005 0.21458333281250003 0.4270833328125 0.1833333328125 0.48333333281249996 0.16875 0.4770833328125 0.13333333281249998 0.44166666718750003 0.1291666671875 0.4166666671875 0.12291666718750001 0.425 0.1125 0.41875 0.08541666718749999 0.35625 0.06875 0.2770833328125 0.060416667187499995 0.2625 0.058333332812500006 0.2833333328125 0.07083333281250001 0.3479166671875 0.11041666718750001 0.44166666718750003 0.18125 0.5020833328125 0.2 0.5354166671875 0.19375 0.5458333328125 0.20625 0.55 0.28125 0.6270833328125 0.4 0.7166666671875 0.38125 0.71875 0.36666666718749996 0.7104166671875001 0.3125 0.7041666671875 0.3 0.69375 0.23333333281250002 0.66875 0.1375 0.6041666671875 0.1354166671875 0.59375 0.1166666671875 0.5833333328125 0.10625 0.55625 0.1166666671875 0.5854166671875001 0.1125 0.5895833328125 0.13125 0.6 0.1354166671875 0.6125 0.1708333328125 0.6416666671875 0.225 0.6770833328125 0.3083333328125 0.7083333328125 0.36666666718749996 0.71875 0.3708333328125 0.725 0.4458333328125 0.7458333328125 0.41875 0.7770833328125 0.3 0.84375 0.2604166671875 0.875 0.22291666718749997 0.93125 0.2979166671875 0.8583333328125 0.36666666718749996 0.8145833328125001 0.41041666718750003 0.7958333328125 0.4583333328125 0.7520833328125 0.47291666718750003 0.7645833328125 0.475 0.7541666671875 0.48541666718750004 0.7520833328125 0.525 0.7458333328125 0.5354166671875 0.75 0.5416666671875 0.74375 0.5458333328125 0.75 0.5520833328125 0.7354166671875 0.5791666671875 0.725 0.6333333328124999 0.6833333328125 0.68125 0.6729166671875 0.6625 0.6708333328125 0.6583333328125 0.6604166671875 0.6833333328125 0.6291666671875 0.68125 0.63125 0.6166666671875001 0.6916666671875 0.55 0.7270833328124999 0.5229166671875001 0.7291666671875 0.51875 0.74375 0.47083333281249995 0.7354166671875 0.4583333328125 0.7208333328125
1 0.3791145828125 1 0.44375 0.8479166671874999 0.45625 0.7916666671875 0.3895833328125 0.9458333328125 0.3764520203125 1 0.3791145828125 1
1 0.56875 0.6895833328125 0.5916666671875 0.61875 0.5895833328125 0.43125 0.60625 0.3895833328125 0.58125 0.43125 0.5583333328125 0.6770833328125 0.5604166671875 0.6916666671875 0.56875 0.6895833328125
1 0.625 0.8375 0.6770833328125 0.8479166671874999 0.6583333328125 0.8270833328125 0.575 0.79375 0.625 0.8375
1 0.59159375 0.9811208328125 0.5749375 0.8961062500000001 0.5616104171875 0.8360958328124999 0.5516166671875 0.7844208328125 0.5416229171875 0.7910874999999999 0.5382916671875 0.8394291671874999 0.5532833328125 0.9094416671875001 0.5632770828125 0.9494479171875 0.59159375 0.9811208328125
1 0.4994390796875 1 0.5016479171875 0.9977895828125 0.5049791671875 0.9611166671875001 0.5016479171875 0.9394479171875 0.5016479171875 0.8827708328125 0.5016479171875 0.8360958328124999 0.5049791671875 0.814425 0.4849895828125 0.8360958328124999 0.4883208328125 0.8661 0.49331875 0.9061083328124999 0.4916520828125 0.9611166671875001 0.49031318593749995 1 0.4994390796875 1
1 0.6032541671875 0.7644166671875 0.58493125 0.76275 0.5766666671875 0.78125 0.6299041671875 0.7994229171875 0.6682145828125 0.814425 0.7115229171874999 0.8394291671874999 0.7415041671875 0.8427625000000001 0.6981958328125 0.8127583328125001 0.6665479171875 0.7910874999999999 0.6349020828125 0.7777520828125 0.6032541671875 0.7644166671875