2 0.36143873593750003 0.43995256875 0.280792490625 0.45417391250000005 0.264822134375 0.494071146875 0.2509881421875 0.531620553125 0.264822134375 0.5671936765625001 0.2806324109375 0.5790513828125 0.3063241109375 0.58893280625 0.3379446640625 0.58102766875 0.383577075 0.5647806328125 0.41045849843750004 0.5078972328125 0.36143873593750003 0.43995256875
0 0.6086956515625 0.4604743078125 0.62252964375 0.4822134390625 0.654150196875 0.49802371562500003 0.6916996046875 0.49604743124999995 0.7213438734375 0.45652173906250004 0.70750988125 0.434782609375 0.6620553359375 0.413043478125 0.6363636359375 0.4249011859375 0.6086956515625 0.4604743078125
1 0.4011857703125 0.7569169953125 0.40513834062500004 0.76679841875 0.4743083 0.81818181875 0.565217390625 0.8715415015625 0.5671936765625001 0.8695652171875 0.55533596875 0.8557312250000001 0.5434782609375 0.8537549406249999 0.41106719375 0.7569169953125 0.4011857703125 0.7569169953125
1 0.3656126484375 0.6818181812499999 0.37351778593749996 0.679841896875 0.4328063234375 0.731225296875 0.5118577078125 0.7766798421875001 0.531620553125 0.7964426875 0.5335968375 0.8083003953125001 0.5454545453125 0.7964426875 0.58102766875 0.8142292484375 0.6047430828125 0.8142292484375 0.6600790515625 0.8379446640625 0.6284584984375 0.820158103125 0.5750988140625 0.8063241109374999 0.5434782609375 0.790513834375 0.523715415625 0.764822134375 0.413043478125 0.6996047437499999 0.357707509375 0.64822134375 0.3102766796875 0.5711462453125 0.3083003953125 0.5454545453125 0.2964426875 0.5434782609375 0.294466403125 0.5750988140625 0.30434782656250003 0.5988142296875 0.3478260875 0.6561264828125 0.355731225 0.6916996046875 0.34980237187499996 0.6956521734375001 0.3418972328125 0.6857707515625 0.320158103125 0.6383399203125 0.3102766796875 0.6304347828125 0.320158103125 0.6620553359375 0.3418972328125 0.705533596875 0.3636363640625 0.7252964421875 0.3636363640625 0.739130434375 0.397651709375 0.755242965625 0.3992094859375 0.7490118578125 0.383399209375 0.74110671875 0.3715415015625 0.7233201578124999 0.3656126484375 0.6818181812499999
1 0.357707509375 0.8715415015625 0.35968379375000004 0.9664031625 0.36166007968749997 0.9664031625 0.3656126484375 0.8656126484375 0.357707509375 0.7826086953125 0.3656126484375 0.7490118578125 0.355731225 0.7509881421875 0.3478260875 0.7806324109375 0.357707509375 0.8715415015625
1 0.6581027671874999 0.0849802375 0.5750988140625 0.1106719375 0.5395256921875 0.13438735156249998 0.501976284375 0.1363636359375 0.49604743124999995 0.144268775 0.4841897234375 0.146245059375 0.49209486093750004 0.146245059375 0.5 0.1581027671875 0.501976284375 0.1581027671875 0.50395256875 0.14822134375 0.5197628453124999 0.1383399203125 0.5454545453125 0.1383399203125 0.58102766875 0.11462450625000001 0.6561264828125 0.090909090625 0.6581027671874999 0.0849802375
1 0.3142292484375 0.4841897234375 0.31225296406249997 0.476284584375 0.33596837968750004 0.42885375468750003 0.379446640625 0.37747035625 0.41501976249999994 0.3221343875 0.4782608703125 0.264822134375 0.5217391296875 0.23715415 0.5434782609375 0.23320158124999998 0.61462450625 0.2806324109375 0.592885375 0.2529644265625 0.5395256921875 0.2233201578125 0.5454545453125 0.209486165625 0.5790513828125 0.175889328125 0.6027667984375 0.171936759375 0.594861659375 0.16600790468749999 0.6007905140625 0.1561264828125 0.6600790515625 0.1304347828125 0.735177865625 0.11462450625000001 0.7490118578125 0.1067193671875 0.7292490125 0.1047430828125 0.6679841890625 0.11660079062499999 0.5790513828125 0.154150196875 0.5217391296875 0.2213438734375 0.49011857656249996 0.23913043437499998 0.48023715468750006 0.23320158124999998 0.476284584375 0.2450592890625 0.4031620546875 0.316205534375 0.31818181874999996 0.42885375468750003 0.316205534375 0.41106719375 0.324110671875 0.3972332015625 0.330039525 0.345849803125 0.3399209484375 0.3339920953125 0.3636363640625 0.2707509875 0.4249011859375 0.17984189687500002 0.434782609375 0.1778656125 0.44466403125 0.1600790515625 0.47035573125 0.15019762812499998 0.442687746875 0.1600790515625 0.43873517812499996 0.1561264828125 0.42885375468750003 0.17391304375 0.416996046875 0.1778656125 0.3893280625 0.21146245000000002 0.355731225 0.26284585 0.32608695625 0.3418972328125 0.316205534375 0.3972332015625 0.3102766796875 0.4011857703125 0.290513834375 0.472332015625 0.260869565625 0.446640315625 0.1976284578125 0.3339920953125 0.16798418906249998 0.2964426875 0.11462450625000001 0.260869565625 0.183794465625 0.3320158109375 0.22529644218749997 0.3972332015625 0.24308300468750002 0.43873517812499996 0.2845849796875 0.4841897234375 0.27272727343750003 0.49802371562500003 0.2826086953125 0.5 0.2845849796875 0.5098814234375 0.290513834375 0.5474308296875 0.28656126406250004 0.557312253125 0.29249011875 0.56324110625 0.28656126406250004 0.5671936765625001 0.30039525624999996 0.5731225296875 0.3102766796875 0.5988142296875 0.34980237187499996 0.650197628125 0.35968379375000004 0.6956521734375001 0.36166007968749997 0.6778656125 0.3715415015625 0.67391304375 0.4011857703125 0.6976284578125 0.3992094859375 0.6956521734375001 0.3418972328125 0.6343873515625 0.3083003953125 0.5711462453125 0.3063241109375 0.5454545453125 0.29249011875 0.5415019765625 0.30039525624999996 0.49604743124999995 0.3142292484375 0.4841897234375
1 0.10079051406249999 0.41897233125 0.035573121875 0.4031620546875 0.1936758890625 0.47035573125 0.2470355734375 0.4822134390625 0.10079051406249999 0.41897233125
1 0.3438735171875 0.58893280625 0.41106719375 0.6106719375 0.58893280625 0.6086956515625 0.6284584984375 0.6245059281249999 0.58893280625 0.6007905140625 0.355731225 0.5790513828125 0.3418972328125 0.58102766875 0.3438735171875 0.58893280625
1 0.2035573125 0.6422924906249999 0.1936758890625 0.6916996046875 0.21343873593749998 0.67391304375 0.2450592890625 0.594861659375 0.2035573125 0.6422924906249999
1 0.06731620625 0.6106027671875001 0.14796245 0.594802371875 0.204889328125 0.5821600796874999 0.253909090625 0.5726798421875 0.24758497968749998 0.5631996046875 0.20172727343750002 0.560039525 0.135312253125 0.5742608703125 0.09736165937499999 0.58374110625 0.06731620625 0.6106027671875001
1 0.204889328125 0.509476284375 0.176426878125 0.5126363640625 0.1384743078125 0.5173774703125 0.086292490625 0.5157964421875 0.0404347828125 0.514217390625 0.051503953125 0.52527865625 0.086292490625 0.5284387359375 0.1068478265625 0.52527865625 0.1606126484375 0.52527865625 0.204889328125 0.52527865625 0.22544664062500003 0.5284387359375 0.204889328125 0.509476284375
1 0.272885375 0.62166403125 0.27446640312500004 0.604282609375 0.2569169953125 0.5964426875 0.239677865625 0.6469446640625 0.22544664062500003 0.6832865609375001 0.20172727343750002 0.724369565625 0.1985652171875 0.7528102765625 0.22702766875 0.7117272734375 0.24758497968749998 0.681705534375 0.26023517812499997 0.6516857703125 0.272885375 0.62166403125