2 0.33984375 0.4140625 0.30859375 0.40625 0.283203125 0.416015625 0.267578125 0.427734375 0.25390625 0.462890625 0.267578125 0.5 0.283361328125 0.5394296875 0.3630625 0.553484375 0.4115078125 0.4863359375 0.38494140625 0.430119140625 0.33984375 0.4140625
0 0.689453125 0.498046875 0.65234375 0.49609375 0.62109375 0.51171875 0.607421875 0.533203125 0.634765625 0.568359375 0.66015625 0.580078125 0.705078125 0.55859375 0.71875 0.537109375 0.689453125 0.498046875
1 0.564453125 0.126953125 0.474609375 0.1796875 0.40625 0.23046875 0.40234375 0.240234375 0.412109375 0.240234375 0.54296875 0.14453125 0.5546875 0.142578125 0.56640625 0.12890625 0.564453125 0.126953125
1 0.357421875 0.3046875 0.349609375 0.33984375 0.306640625 0.396484375 0.296875 0.419921875 0.298828125 0.451171875 0.310546875 0.44921875 0.3125 0.423828125 0.359375 0.34765625 0.4140625 0.296875 0.5234375 0.232421875 0.54296875 0.20703125 0.57421875 0.19140625 0.626953125 0.177734375 0.658203125 0.16015625 0.603515625 0.18359375 0.580078125 0.18359375 0.544921875 0.201171875 0.533203125 0.189453125 0.53125 0.201171875 0.51171875 0.220703125 0.43359375 0.265625 0.375 0.31640625 0.3671875 0.314453125 0.373046875 0.2734375 0.384765625 0.255859375 0.400390625 0.248046875 0.398851103125 0.24188878749999998 0.365234375 0.2578125 0.365234375 0.271484375 0.34375 0.291015625 0.322265625 0.333984375 0.3125 0.365234375 0.322265625 0.357421875 0.34375 0.310546875 0.3515625 0.30078125 0.357421875 0.3046875
1 0.3671875 0.1328125 0.36328125 0.033203125 0.361328125 0.033203125 0.359375 0.126953125 0.349609375 0.216796875 0.357421875 0.24609375 0.3671875 0.248046875 0.359375 0.21484375 0.3671875 0.1328125
1 0.57421875 0.87890625 0.65625 0.904296875 0.654296875 0.8984375 0.580078125 0.875 0.544921875 0.8515625 0.51953125 0.8515625 0.50390625 0.841796875 0.501953125 0.83203125 0.5 0.83203125 0.4921875 0.84375 0.484375 0.84375 0.49609375 0.845703125 0.501953125 0.853515625 0.5390625 0.85546875 0.57421875 0.87890625
1 0.302734375 0.421875 0.2890625 0.427734375 0.294921875 0.431640625 0.2890625 0.4375 0.29296875 0.447265625 0.287109375 0.484375 0.28515625 0.494140625 0.275390625 0.49609375 0.287109375 0.509765625 0.24609375 0.5546875 0.228515625 0.595703125 0.1875 0.66015625 0.119140625 0.73046875 0.171875 0.6953125 0.201171875 0.658203125 0.263671875 0.546875 0.29296875 0.521484375 0.3125 0.591796875 0.318359375 0.595703125 0.328125 0.650390625 0.357421875 0.728515625 0.390625 0.779296875 0.41796875 0.8125 0.4296875 0.81640625 0.439453125 0.833984375 0.443359375 0.830078125 0.470703125 0.83984375 0.4453125 0.830078125 0.435546875 0.8125 0.42578125 0.810546875 0.365234375 0.720703125 0.341796875 0.658203125 0.33203125 0.646484375 0.326171875 0.595703125 0.318359375 0.58203125 0.3203125 0.564453125 0.404296875 0.67578125 0.4765625 0.74609375 0.48046875 0.7578125 0.490234375 0.751953125 0.521484375 0.76953125 0.578125 0.8359375 0.666015625 0.873046875 0.7265625 0.884765625 0.74609375 0.8828125 0.732421875 0.875 0.658203125 0.859375 0.599609375 0.833984375 0.59375 0.82421875 0.6015625 0.818359375 0.578125 0.814453125 0.544921875 0.78125 0.5390625 0.767578125 0.591796875 0.73828125 0.61328125 0.7109375 0.54296875 0.7578125 0.521484375 0.75390625 0.478515625 0.7265625 0.416015625 0.669921875 0.380859375 0.615234375 0.337890625 0.564453125 0.314453125 0.517578125 0.31640625 0.509765625 0.302734375 0.498046875 0.294921875 0.453125 0.30859375 0.44921875 0.310546875 0.423828125 0.34375 0.361328125 0.400390625 0.30078125 0.40234375 0.298828125 0.373046875 0.322265625 0.36328125 0.318359375 0.361328125 0.30078125 0.3515625 0.345703125 0.3125 0.396484375 0.302734375 0.421875
1 0.25 0.51171875 0.197265625 0.5234375 0.041015625 0.58984375 0.10546875 0.57421875 0.25 0.51171875
1 0.412109375 0.384765625 0.345703125 0.40625 0.34375 0.4140625 0.357421875 0.416015625 0.587890625 0.39453125 0.626953125 0.37109375 0.587890625 0.38671875 0.412109375 0.384765625
1 0.248046875 0.400390625 0.216796875 0.322265625 0.197265625 0.3046875 0.20703125 0.353515625 0.248046875 0.400390625
1 0.25679296875 0.4223125 0.20834765625 0.412943359375 0.152087890625 0.40044921875000006 0.07238671875 0.384833984375 0.102080078125 0.411380859375 0.13958593749999998 0.42074999999999996 0.20522265625 0.43480468749999995 0.25054296875 0.43168164062500003 0.25679296875 0.4223125
1 0.20834765625 0.469158203125 0.16458984375000002 0.469158203125 0.111455078125 0.469158203125 0.091140625 0.46603515624999997 0.056759765625 0.469158203125 0.0458203125 0.48008984374999997 0.091140625 0.478529296875 0.1427109375 0.47696679687500004 0.18021875 0.48165234375 0.20834765625 0.484775390625 0.2286640625 0.46603515624999997 0.20834765625 0.469158203125
1 0.2302265625 0.28489453125 0.20209765625 0.24429296875 0.20522265625 0.272400390625 0.2286640625 0.313001953125 0.242728515625 0.34891796875000003 0.259765625 0.398828125 0.277109375 0.391080078125 0.27554687499999997 0.37390234375000003 0.263044921875 0.344232421875 0.25054296875 0.314564453125 0.2302265625 0.28489453125