2 0.844396484375 0.5925234374999999 0.888154296875 0.569099609375 0.8928417968750001 0.51912890625 0.8803398437500001 0.46759765625 0.8475214843750001 0.436365234375 0.800638671875 0.4332421875 0.755859375 0.449609375 0.736564453125 0.47072070312500003 0.7224999999999999 0.508197265625 0.736564453125 0.561291015625 0.778759765625 0.587837890625 0.844396484375 0.5925234374999999
0 0.4990234375 0.54567578125 0.48183203125 0.5144453125 0.442763671875 0.517568359375 0.4375 0.54140625 0.416197265625 0.5503613281249999 0.420884765625 0.583154296875 0.47714453125 0.594083984375 0.5005859375 0.583154296875 0.4990234375 0.54567578125
1 0.703125 0.40625 0.677734375 0.392578125 0.66796875 0.392578125 0.68359375 0.408203125 0.689453125 0.40625 0.748046875 0.4453125 0.748046875 0.4375 0.7265625 0.41015625 0.703125 0.40625
1 0.783203125 0.3203125 0.796875 0.330078125 0.798828125 0.34765625 0.818359375 0.3828125 0.814453125 0.40234375 0.779296875 0.33984375 0.74609375 0.30859375 0.68359375 0.28515625 0.646484375 0.24609375 0.642578125 0.22265625 0.640625 0.236328125 0.625 0.236328125 0.595703125 0.23046875 0.57421875 0.21875 0.556640625 0.21875 0.595703125 0.23828125 0.6328125 0.248046875 0.662109375 0.27734375 0.66015625 0.283203125 0.68359375 0.30078125 0.75390625 0.330078125 0.78125 0.373046875 0.7734375 0.380859375 0.78125 0.37890625 0.791015625 0.390625 0.796875 0.4140625 0.78515625 0.4140625 0.771484375 0.404296875 0.720703125 0.34765625 0.693359375 0.3359375 0.658203125 0.337890625 0.65234375 0.33203125 0.619140625 0.328125 0.580078125 0.341796875 0.552734375 0.33984375 0.51953125 0.359375 0.54296875 0.345703125 0.599609375 0.345703125 0.615234375 0.337890625 0.69140625 0.349609375 0.70703125 0.361328125 0.71484375 0.376953125 0.72265625 0.369140625 0.74609375 0.400390625 0.802734375 0.443359375 0.810546875 0.47265625 0.791015625 0.48046875 0.810546875 0.486328125 0.8203125 0.5 0.814453125 0.5390625 0.7734375 0.544921875 0.794921875 0.544921875 0.796875 0.55078125 0.822265625 0.544921875 0.826171875 0.552734375 0.8203125 0.5625 0.7578125 0.587890625 0.734375 0.607421875 0.697265625 0.625 0.66015625 0.65625 0.6171875 0.6640625 0.6328125 0.671875 0.65625 0.66796875 0.689453125 0.640625 0.7265625 0.623046875 0.734375 0.625 0.736328125 0.63671875 0.744140625 0.615234375 0.76953125 0.59375 0.822265625 0.57421875 0.83984375 0.591796875 0.822265625 0.640625 0.79296875 0.685546875 0.720703125 0.7109375 0.693359375 0.734375 0.63671875 0.751953125 0.5625 0.8046875 0.591796875 0.79296875 0.658203125 0.75 0.6875 0.74609375 0.72265625 0.72265625 0.7734375 0.708984375 0.796875 0.6953125 0.81640625 0.67578125 0.837890625 0.61328125 0.845703125 0.607421875 0.849609375 0.6171875 0.8515625 0.712890625 0.845703125 0.748046875 0.796875 0.857421875 0.775390625 0.88671875 0.697265625 0.916015625 0.693359375 0.923828125 0.720703125 0.91796875 0.736328125 0.90625 0.763671875 0.900390625 0.7890625 0.88671875 0.83203125 0.814453125 0.86328125 0.736328125 0.8671875 0.65625 0.85546875 0.583984375 0.869140625 0.583984375 0.95703125 0.671875 0.96484375 0.66796875 0.919921875 0.611328125 0.87109375 0.572265625 0.880859375 0.568359375 0.90234375 0.583984375 0.95703125 0.58984375 0.9765625 0.583984375 0.986328125 0.587890625 0.994140625 0.564453125 0.986328125 0.5625 0.970703125 0.57421875 0.951171875 0.576171875 0.927734375 0.576171875 0.880859375 0.556640625 0.83984375 0.564453125 0.830078125 0.55078125 0.837890625 0.54296875 0.826171875 0.525390625 0.830078125 0.498046875 0.845703125 0.498046875 0.86328125 0.484375 0.880859375 0.482421875 0.884765625 0.5 0.90625 0.48046875 0.9375 0.46484375 0.970703125 0.451171875 0.9921875 0.451171875 0.9921875 0.439453125 0.9765625 0.439453125 0.943359375 0.458984375 0.908203125 0.46484375 0.9765625 0.39453125 0.982421875 0.384765625 0.9765625 0.36328125 0.9296875 0.4296875 0.890625 0.4609375 0.888671875 0.474609375 0.8828125 0.4375 0.875 0.466796875 0.853515625 0.48046875 0.83984375 0.48046875 0.845703125 0.447265625 0.833984375 0.384765625 0.76953125 0.25 0.71875 0.22265625 0.650390625 0.162109375 0.642578125 0.1640625 0.6171875 0.14453125 0.5703125 0.126953125 0.56640625 0.126953125 0.587890625 0.138671875 0.63671875 0.171875 0.6484375 0.193359375 0.65234375 0.185546875 0.7109375 0.240234375 0.74609375 0.255859375 0.765625 0.279296875 0.783203125 0.3203125
1 0.880859375 0.421875 0.888671875 0.419921875 0.900390625 0.3828125 0.90625 0.3125 0.900390625 0.3125 0.880859375 0.421875
1 0.8828125 0.46484375 0.8828125 0.4296875 0.87890625 0.4296875 0.876953125 0.46484375 0.8828125 0.46484375
1 0.91015625 0.2578125 0.9070079296875001 0.27748950625 0.91015625 0.275390625 0.912109375 0.259765625 0.91015625 0.2578125
1 0.906131628125 0.28296638281250003 0.90234375 0.306640625 0.91015625 0.291015625 0.906131628125 0.28296638281250003
1 0.53125 0.203125 0.5078125 0.203125 0.5 0.203125 0.568359375 0.22265625 0.53125 0.203125
1 0.634765625 0.158203125 0.587890625 0.130859375 0.560546875 0.123046875 0.521484375 0.125 0.47265625 0.115234375 0.4609375 0.115234375 0.42578125 0.12109375 0.419921875 0.126953125 0.53515625 0.142578125 0.578125 0.140625 0.6328125 0.169921875 0.64453125 0.185546875 0.650390625 0.177734375 0.634765625 0.158203125
1 0.69921875 0.21875 0.6953125 0.20703125 0.681640625 0.203125 0.671875 0.185546875 0.650390625 0.177734375 0.69140625 0.21875 0.69921875 0.21875