2 0.367818 0.65691 0.4 0.614 0.394 0.544 0.376 0.516 0.337818 0.494182 0.29 0.5 0.254 0.5519999999999999 0.254 0.5980000000000001 0.264 0.624 0.298728 0.6559999999999999 0.367818 0.65691
0 0.696 0.54 0.6799999999999999 0.5559999999999999 0.691454 0.596 0.722 0.596 0.75 0.58 0.75 0.5599999999999999 0.738 0.54 0.722 0.534 0.696 0.54
1 0.53 0.23399999999999999 0.462 0.316 0.41 0.394 0.33199999999999996 0.48200000000000004 0.32599999999999996 0.53 0.33799999999999997 0.522 0.33599999999999997 0.51 0.348 0.484 0.358 0.48 0.362 0.46799999999999997 0.438 0.382 0.48600000000000004 0.31 0.544 0.246 0.628 0.21800000000000003 0.706 0.21800000000000003 0.836 0.194 0.8560000000000001 0.184 0.834 0.18 0.6900000000000001 0.21000000000000002 0.628 0.20400000000000001 0.548 0.22599999999999998 0.544 0.036 0.542 0.034 0.53 0.23399999999999999
1 0.33399999999999996 0.626 0.352 0.6799999999999999 0.386 0.732 0.536 0.8560000000000001 0.592 0.9259999999999999 0.6639999999999999 0.9720000000000001 0.644 0.9460000000000001 0.636 0.9460000000000001 0.592 0.9099999999999999 0.532 0.834 0.388 0.712 0.33999999999999997 0.626 0.33399999999999996 0.626
1 0.282 0.608 0.238 0.654 0.298 0.612 0.284 0.61 0.282 0.608
1 0.092 0.43200000000000005 0.128 0.476 0.1556483515625 0.49876922968750004 0.152 0.48600000000000004 0.12 0.45 0.08199999999999999 0.42000000000000004 0.08 0.42000000000000004 0.08199999999999999 0.43 0.092 0.43200000000000005
1 0 0.633956521875 0.09 0.632 0.15 0.622 0.21600000000000003 0.602 0.238 0.5860000000000001 0.264 0.602 0.292 0.596 0.302 0.592 0.296 0.572 0.308 0.564 0.308 0.5559999999999999 0.322 0.54 0.34199999999999997 0.532 0.33599999999999997 0.528 0.33799999999999997 0.5 0.32999999999999996 0.506 0.324 0.49400000000000005 0.308 0.522 0.306 0.544 0.296 0.538 0.27999999999999997 0.554 0.27 0.546 0.266 0.558 0.24 0.5519999999999999 0.23199999999999998 0.54 0.21000000000000002 0.538 0.20400000000000001 0.528 0.19 0.53 0.186 0.522 0.194 0.522 0.162 0.49800000000000005 0.156813559375 0.49972881406249997 0.162 0.504 0.16799999999999998 0.52 0.178 0.518 0.188 0.534 0.22999999999999998 0.5519999999999999 0.242 0.5740000000000001 0.21400000000000002 0.592 0.12 0.618 0.08399999999999999 0.62 0.074 0.626 0 0.626 0 0.633956521875
1 0.5827428578125 0.2265142859375 0.588 0.22400000000000003 0.62 0.21800000000000003 0.682 0.22000000000000003 0.73 0.21400000000000002 0.618 0.21000000000000002 0.616 0.21000000000000002 0.588 0.21600000000000003 0.5827428578125 0.2265142859375
1 0.248 0.64 0.16599999999999998 0.71 0.152 0.742 0.12 0.788 0.146 0.772 0.184 0.712 0.23199999999999998 0.6679999999999999 0.252 0.658 0.29 0.618 0.302 0.62 0.298 0.6519999999999999 0.318 0.642 0.32599999999999996 0.624 0.33799999999999997 0.624 0.33599999999999997 0.612 0.314 0.61 0.308 0.604 0.298 0.5740000000000001 0.318 0.544 0.33999999999999997 0.532 0.33799999999999997 0.51 0.344 0.49000000000000005 0.388 0.438 0.386 0.42800000000000005 0.398 0.42400000000000004 0.41200000000000003 0.404 0.42400000000000004 0.398 0.492 0.3 0.542 0.246 0.581376 0.22716799999999998 0.576 0.22000000000000003 0.546 0.22999999999999998 0.542 0.21400000000000002 0.534 0.21800000000000003 0.532 0.236 0.47800000000000004 0.296 0.43600000000000005 0.362 0.33399999999999996 0.48 0.308 0.522 0.308 0.534 0.292 0.538 0.288 0.554 0.27599999999999997 0.554 0.272 0.53 0.29 0.528 0.286 0.522 0.27599999999999997 0.524 0.268 0.53 0.268 0.5559999999999999 0.248 0.5559999999999999 0.248 0.5820000000000001 0.258 0.584 0.266 0.6 0.288 0.596 0.292 0.606 0.274 0.61 0.248 0.64
1 0.8320000000000001 0.194 0.842 0.188 0.8380000000000001 0.182 0.836 0.182 0.734 0.20400000000000001 0.744 0.21200000000000002 0.772 0.20800000000000002 0.8099999999999999 0.198 0.8140000000000001 0.192 0.8320000000000001 0.194
1 0.774 0.20600000000000002 0.8099999999999999 0.198 0.8099999999999999 0.192 0.808 0.192 0.798 0.198 0.786 0.194 0.748 0.2 0.76 0.20400000000000001 0.756 0.20600000000000002 0.774 0.20600000000000002