0 0.44166666718750003 0.29375 0.43125 0.3166666671875 0.4479166671875 0.34375 0.4770833328125 0.34375 0.4895833328125 0.3291666671875 0.4895833328125 0.3104166671875 0.46666666718750005 0.28958333281250004 0.44166666718750003 0.29375
2 0.4270833328125 0.7354166671875 0.4625 0.7770833328125 0.49791666718750005 0.7958333328125 0.5583333328125 0.8 0.6208333328125 0.7833333328125 0.6333333328124999 0.75625 0.6291666671875 0.73125 0.6354166671875 0.7166666671875 0.6875 0.65625 0.6833333328125 0.6416666671875 0.6416666671875 0.6229166671875 0.6604166671875 0.5854166671875001 0.5916666671875 0.5604166671875 0.5520833328125 0.5583333328125 0.49583333281249997 0.56875 0.4291666671875 0.65 0.41875 0.6833333328125 0.4270833328125 0.7354166671875
1 0.80625 0.55625 0.7166666671875 0.6479166671875001 0.6645833328124999 0.6895833328125 0.69375 0.6895833328125 0.7333333328125 0.66875 0.8791666671874999 0.5104166671875 0.88125 0.49791666718750005 0.875 0.49791666718750005 0.8354166671875 0.5416666671875 0.80625 0.55625
1 0.3166666671875 0.5541666671875001 0.3479166671875 0.5916666671875 0.3604166671875 0.59375 0.3375 0.5354166671875 0.3229166671875 0.525 0.3166666671875 0.5541666671875001
1 0.2979166671875 0.5020833328125 0.3104166671875 0.5125 0.3125 0.5 0.3020833328125 0.48541666718750004 0.2854166671875 0.49375 0.28125 0.50625 0.2979166671875 0.5020833328125
1 0.40833333281249995 0.6645833328124999 0.4479166671875 0.6791666671875001 0.3770833328125 0.61875 0.275 0.55625 0.175 0.475 0.16458333281249998 0.4770833328125 0.20416666718749998 0.5229166671875001 0.25625 0.5625 0.40833333281249995 0.6645833328124999
1 0.50625 0.975 0.5145833328125 0.9645833328125001 0.51875 0.9041666671874999 0.5125 0.8041666671875 0.5 0.8041666671875 0.50625 0.975
1 0.46666666718750005 0.68125 0.45208333281249996 0.65625 0.4270833328125 0.6583333328125 0.43333333281249997 0.6729166671875 0.4 0.7583333328124999 0.3625 0.7770833328125 0.25833333281250004 0.8666666671875 0.28958333281250004 0.8541666671874999 0.36875 0.7875 0.625 0.7833333328125 0.6645833328124999 0.8708333328125001 0.6916666671875 0.8958333328125001 0.7125 0.9020833328125001 0.6791666671875001 0.8708333328125001 0.6458333328125 0.8041666671875 0.6395833328125 0.78125 0.6479166671875001 0.7645833328125 0.6458333328125 0.7270833328124999 0.6979166671875 0.6833333328125 0.71875 0.68125 0.8145833328125001 0.5666666671875 0.8625 0.53125 0.8854166671874999 0.5041666671875 0.9145833328125 0.4291666671875 0.9104166671874999 0.41875 0.8729166671874999 0.49791666718750005 0.8354166671875 0.5354166671875 0.825 0.5354166671875 0.80625 0.4916666671875 0.8 0.49791666718750005 0.7916666671875 0.54375 0.7979166671875 0.5645833328125 0.7270833328124999 0.64375 0.7041666671875 0.65625 0.6791666671875001 0.6395833328125 0.6791666671875001 0.6291666671875 0.66875 0.6333333328124999 0.6333333328124999 0.6895833328125 0.60625 0.7020833328125 0.5916666671875 0.7 0.5791666671875 0.6666666671875 0.55 0.6604166671875 0.5333333328125 0.6645833328124999 0.50625 0.6895833328125 0.4895833328125 0.6916666671875 0.46666666718750005 0.68125
1 0 0.37454268281249997 0.0791666671875 0.4479166671875 0.1541666671875 0.475 0 0.35531798281250004 0 0.37454268281249997
1 0.3125 0.5958333328125 0.3958333328125 0.64375 0.3270833328125 0.5958333328125 0.3125 0.5958333328125
1 0.25 0.55 0.3083333328125 0.59375 0.2645833328125 0.5520833328125 0.25 0.55
1 0.1979166671875 0.5145833328125 0.23541666718749998 0.54375 0.24583333281250003 0.5395833328124999 0.2270833328125 0.51875 0.1770833328125 0.48541666718750004 0.1979166671875 0.5145833328125
1 0.7020833328125 0 0.7083333328125 0.00625 0.7854166671875 0.04375 0.80625 0.09375 0.8083333328125001 0.13333333281249998 0.8333333328125001 0.16458333281249998 0.93125 0.24583333281250003 0.9395833328125001 0.3229166671875 0.8958333328125001 0.43333333281249997 0.8770833328125001 0.44166666718750003 0.8104166671874999 0.3916666671875 0.8104166671874999 0.47083333281249995 0.7895833328124999 0.51875 0.7958333328125 0.5645833328125 0.7479166671875 0.6208333328125 0.6479166671875001 0.6979166671875 0.6479166671875001 0.7145833328125 0.63125 0.7166666671875 0.6125 0.7416666671875001 0.59375 0.75 0.6229166671875 0.7666666671875 0.6333333328124999 0.7833333328125 0.8895833328125 0.50625 0.9604166671875 0.3270833328125 1 0.30016666718749996 1 0.2845588234375 0.9708333328125001 0.3 0.9541666671875 0.2833333328125 0.94375 0.23541666718749998 0.85 0.1604166671875 0.8208333328125 0.10625 0.8020833328125001 0.0416666671875 0.73125 0.0020833328125000002 0.7285833328125 0 0.7020833328125 0
1 0.24583333281250003 0.8729166671874999 0.2916666671875 0.8541666671874999 0.3916666671875 0.7666666671875 0.36666666718749996 0.775 0.24583333281250003 0.8729166671874999
1 0.23541666718749998 0.5208333328125 0.2 0.5 0.17916666718750002 0.4791666671875 0.1666666671875 0.4375 0.1583333328125 0.4770833328125 0.2 0.51875 0.3416666671875 0.61875 0.41875 0.6625 0.40416666718750005 0.64375 0.30625 0.5875 0.23541666718749998 0.5208333328125
1 0.7037878796875 0 0.70625 0.0020833328125000002 0.9479166671874999 0.3145833328125 0.95625 0.3125 0.9583333328125001 0.30625 0.9458333328125 0.2979166671875 0.9520833328125 0.2791666671875 0.94375 0.2375 0.8479166671874999 0.15625 0.8229166671874999 0.11041666718750001 0.8020833328125001 0.0395833328125 0.7416666671875001 0.0083333328125 0.7306547625 0 0.7037878796875 0