2 0.7228961859374999 0.11333686406250001 0.6035466109375001 0.155067796875 0.636673728125 0.2914957625 0.6832838984375 0.33386864374999997 0.7447245765625 0.3253940671875 0.7680296609374999 0.306326271875 0.796065678125 0.2538305078125 0.7930042375 0.1873389828125 0.7228961859374999 0.11333686406250001
0 0.5119597453125 0.6634110171875001 0.47524364375 0.70701059375 0.4667203390625 0.760447034375 0.4719661015625 0.7984745765625 0.5106504234375 0.8155211859374999 0.5545783890625 0.8030635593750001 0.59326059375 0.757824153125 0.6135868640625 0.7119279656249999 0.5978495765625 0.6863580515625001 0.5926059328125 0.6778347453125 0.55687288125 0.661116525 0.5119597453125 0.6634110171875001
1 0.39406779687500004 0.45550847499999997 0.40466101718749997 0.4597457625 0.44067796562500006 0.44491525468750004 0.48728813593750003 0.400423728125 0.5338983046875 0.3686440671875 0.603813559375 0.3008474578125 0.6313559328125 0.24788135625000002 0.6567796609375 0.2182203390625 0.6610169484374999 0.2139830515625 0.6546610171875 0.21186440625 0.608050846875 0.2563559328125 0.5720338984375 0.309322034375 0.516949153125 0.3665254234375 0.4724576265625 0.396186440625 0.43432203437499994 0.43432203437499994 0.396186440625 0.4470338984375 0.39406779687500004 0.45550847499999997
1 0.224576271875 0.5572033890625 0.1991525421875 0.5847457625 0.226694915625 0.5677966109375 0.22881355937499998 0.5572033890625 0.2372881359375 0.5529661015625 0.2394067796875 0.5338983046875 0.25423728749999996 0.5275423734375 0.271186440625 0.5042372875 0.30508474531249996 0.48516949218749994 0.313559321875 0.4724576265625 0.3411016953125 0.46186440624999997 0.3411016953125 0.45550847499999997 0.3432203390625 0.45338983125 0.309322034375 0.4661016953125 0.273305084375 0.49788135625 0.2605932203125 0.49788135625 0.25 0.5063559328125 0.226694915625 0.54237288125 0.224576271875 0.5572033890625
1 0.1567796609375 0.669491525 0.16737288125 0.641949153125 0.184322034375 0.6207627125 0.188559321875 0.601694915625 0.19491525468749998 0.5953389828125 0.1927966109375 0.5911016953125 0.1758474578125 0.6101694921874999 0.1567796609375 0.669491525
1 0.6567796609375 0.19491525468749998 0.6292372875 0.1927966109375 0.603813559375 0.17372881406250001 0.4279661015625 0.190677965625 0.37711864375 0.169491525 0.3601694921875 0.1588983046875 0.3644067796875 0.17161016875 0.4152542375 0.19703389843750002 0.4597457625 0.20127118593749999 0.5529661015625 0.188559321875 0.601694915625 0.188559321875 0.6334745765625 0.20550847499999997 0.6567796609375 0.1991525421875 0.6567796609375 0.19491525468749998
1 1 0.5325602140625 0.95338983125 0.4724576265625 0.9258474578125 0.400423728125 0.8792372875 0.3241525421875 0.7902542375 0.2372881359375 0.7902542375 0.2224576265625 0.7796610171875 0.224576271875 0.7563559328125 0.20974576250000002 0.705508475 0.16737288125 0.6991525421875 0.146186440625 0.705508475 0.0529661015625 0.6991525421875 0.0360169484375 0.6949152546875 0.1525423734375 0.6991525421875 0.17372881406250001 0.7139830515625001 0.190677965625 0.6949152546875 0.1991525421875 0.7097457625 0.20127118593749999 0.7394067796875 0.22033898281250003 0.7542372875 0.2351694921875 0.7627118640624999 0.2648305078125 0.7605932203125 0.2394067796875 0.7796610171875 0.24364406718749998 0.8008474578125 0.273305084375 0.87711864375 0.34533898281250003 0.9279661015625 0.44067796562500006 0.9470338984375 0.49152542343750005 0.9682203390625 0.516949153125 0.9703389828125 0.5296610171875 0.9851694921874999 0.5360169484374999 0.9851694921874999 0.544491525 1 0.5560263640625001 1 0.5325602140625
1 0.5529661015625 0.186440678125 0.605932203125 0.184322034375 0.6186440671875 0.190677965625 0.6186440671875 0.188559321875 0.6101694921874999 0.1758474578125 0.563559321875 0.1758474578125 0.4427966109375 0.19491525468749998 0.4237288140625 0.1927966109375 0.46186440624999997 0.1991525421875 0.5529661015625 0.186440678125
1 0.34533898281250003 0.1546610171875 0.358050846875 0.1567796609375 0.37076271250000004 0.17372881406250001 0.400423728125 0.188559321875 0.400423728125 0.18008474531250002 0.3665254234375 0.1610169484375 0.29237288125 0.0932203390625 0.34533898281250003 0.1546610171875
1 0.87711864375 0.21186440625 0.83262711875 0.20974576250000002 0.8072033890625001 0.2139830515625 0.7860169484374999 0.226694915625 0.8135593218749999 0.22881355937499998 0.875 0.2139830515625 0.87711864375 0.21186440625
1 0.43008474531249996 0.1927966109375 0.37288135625 0.17161016875 0.400423728125 0.190677965625 0.4470338984375 0.20127118593749999 0.5529661015625 0.188559321875 0.5953389828125 0.188559321875 0.6377118640624999 0.20762711875 0.6779661015625 0.1991525421875 0.7118644062499999 0.20127118593749999 0.7118644062499999 0.19703389843750002 0.601694915625 0.17372881406250001 0.43008474531249996 0.1927966109375
1 1 0.534061278125 0.9512711859375 0.47033898281250003 0.9258474578125 0.4025423734375 0.8898305078125001 0.3411016953125 0.7902542375 0.2372881359375 0.79237288125 0.22881355937499998 0.82838983125 0.2224576265625 0.9237288140625 0.2182203390625 0.8855932203125001 0.20550847499999997 0.853813559375 0.20550847499999997 0.79661016875 0.2182203390625 0.7627118640624999 0.2139830515625 0.730932203125 0.184322034375 0.7118644062499999 0.1758474578125 0.6991525421875 0.141949153125 0.705508475 0.11440677968749999 0.70338983125 0.025423728125 0.6970338984375 0.03813559375 0.6927966109375 0.148305084375 0.6991525421875 0.17372881406250001 0.7118644062499999 0.188559321875 0.705508475 0.19491525468749998 0.66737288125 0.188559321875 0.6525423734375 0.1927966109375 0.641949153125 0.188559321875 0.646186440625 0.186440678125 0.6355932203125 0.190677965625 0.62288135625 0.184322034375 0.6144067796875 0.17372881406250001 0.62288135625 0.1588983046875 0.62288135625 0.1334745765625 0.608050846875 0.141949153125 0.6101694921874999 0.16313559375 0.599576271875 0.17372881406250001 0.43008474531249996 0.190677965625 0.3855932203125 0.17372881406250001 0.28601694843750003 0.0847457625 0.28601694843750003 0.0953389828125 0.34533898281250003 0.1588983046875 0.40466101718749997 0.19491525468749998 0.4597457625 0.20127118593749999 0.5889830515625001 0.188559321875 0.641949153125 0.20762711875 0.646186440625 0.21610169531249998 0.5275423734375 0.353813559375 0.50211864375 0.37711864375 0.476694915625 0.3898305078125 0.436440678125 0.43008474531249996 0.39406779687500004 0.4470338984375 0.353813559375 0.44491525468750004 0.32838983125 0.45338983125 0.275423728125 0.48516949218749994 0.27966101718749997 0.45762711874999995 0.30508474531249996 0.391949153125 0.3686440671875 0.311440678125 0.40150211875 0.29048940624999997 0.48093220312499996 0.25423728749999996 0.521186440625 0.2457627125 0.5656779656250001 0.224576271875 0.5762711859375 0.21186440625 0.5868644062499999 0.21610169531249998 0.5974576265625 0.20762711875 0.5911016953125 0.20338983124999999 0.561440678125 0.2182203390625 0.5381355937500001 0.22033898281250003 0.4237288140625 0.266949153125 0.351694915625 0.311440678125 0.27966101718749997 0.398305084375 0.2838983046875 0.4110169484375 0.266949153125 0.48093220312499996 0.24364406718749998 0.5084745765625 0.21610169531249998 0.561440678125 0.184322034375 0.5911016953125 0.16525423749999998 0.62711864375 0.1313559328125 0.7394067796875 0.1546610171875 0.70762711875 0.16737288125 0.648305084375 0.190677965625 0.608050846875 0.2139830515625 0.5868644062499999 0.21610169531249998 0.62288135625 0.22881355937499998 0.6144067796875 0.2415254234375 0.561440678125 0.2775423734375 0.5042372875 0.3411016953125 0.4639830515625 0.3622881359375 0.45762711874999995 0.391949153125 0.4597457625 0.39406779687500004 0.47033898281250003 0.37076271250000004 0.50211864375 0.3622881359375 0.525423728125 0.3622881359375 0.54661016875 0.37923728749999996 0.516949153125 0.3834745765625 0.49364406718750004 0.40677966093749995 0.46186440624999997 0.4491525421875 0.4427966109375 0.49152542343750005 0.400423728125 0.5148305078125001 0.3877118640625 0.605932203125 0.2987288140625 0.646186440625 0.23093220312499999 0.669491525 0.20762711875 0.6949152546875 0.20338983124999999 0.7203389828125 0.20762711875 0.7436440671875 0.226694915625 0.7584745765625 0.2627118640625 0.775423728125 0.2838983046875 0.794491525 0.349576271875 0.8008474578125 0.349576271875 0.8050847453125 0.3241525421875 0.794491525 0.3177966109375 0.79237288125 0.29661016875 0.7648305078125001 0.25211864375 0.769067796875 0.2415254234375 0.7796610171875 0.24364406718749998 0.7987288140625 0.2627118640625 0.8008474578125 0.273305084375 0.8855932203125001 0.35593220312499996 0.9279661015625 0.438559321875 0.9449152546875 0.48728813593750003 0.9703389828125 0.525423728125 0.9703389828125 0.5360169484374999 1 0.5564088984375 1 0.534061278125