2 0.7958512390625 0.78046074375 0.8606942156249999 0.77747520625 0.9328615703124999 0.709105371875 0.8921652890624999 0.5927148765625 0.7591198343750001 0.6250206609375 0.7177975203125 0.67047520625 0.7260619828125 0.7303925625 0.744657025 0.753119834375 0.7958512390625 0.78046074375
0 0.3823595046875 0.5820454546875 0.3986632234375 0.547198346875 0.3964256203125 0.5033987609375 0.353907025 0.46759297499999997 0.3017954546875 0.4592809921875 0.26471074375 0.46439669375000003 0.24808677656250003 0.5021219015625 0.2602355375 0.54496074375 0.30435330625 0.582683884375 0.3491115703125 0.6025061984375 0.3740475203125 0.5871590906249999 0.3823595046875 0.5820454546875
1 0.6198347109375 0.42768595 0.6074380171875 0.39049586718749996 0.599173553125 0.38842975156250004 0.5950413218749999 0.39876033125 0.6095041328125 0.43388429687499996 0.6528925625 0.47933884375 0.683884296875 0.5247933890625001 0.75 0.59297520625 0.8016528921875 0.6198347109375 0.8305785125 0.6446280984375 0.83471074375 0.64876033125 0.836776859375 0.6425619828125 0.7933884296875 0.5971074375 0.7417355375 0.5619834703125 0.6859504125 0.5082644625 0.65702479375 0.4648760328125 0.6198347109375 0.42768595
1 0.5495867765625 0.247933884375 0.514462809375 0.2252066109375 0.5 0.22314049531250002 0.47314049531249996 0.1983471078125 0.48966942187500007 0.2252066109375 0.5 0.2272727265625 0.5041322312500001 0.23553719062499998 0.5227272734375 0.23760330624999998 0.5289256203125 0.25206611562500003 0.5516528921875 0.268595040625 0.570247934375 0.3016528921875 0.582644628125 0.3099173546875 0.59297520625 0.336776859375 0.599173553125 0.336776859375 0.60123966875 0.338842975 0.588842975 0.30578512343750003 0.5578512390625 0.27066115625 0.5578512390625 0.2582644625 0.5495867765625 0.247933884375
1 0.46694214843750004 0.1921487609375 0.4483471078125 0.175619834375 0.39049586718749996 0.15702479375 0.417355371875 0.167355371875 0.4380165296875 0.18388429687500002 0.4566115703125 0.1880165296875 0.46280991718750003 0.1942148765625 0.46694214843750004 0.1921487609375
1 0.84297520625 0.6219008265625 0.8491735531250001 0.6446280984375 0.853305784375 0.6446280984375 0.8553719015624999 0.6177685953125 0.8739669421875 0.59297520625 0.8574380171874999 0.421487603125 0.8780991734375 0.3719008265625 0.8884297515625 0.3553719015625 0.8760330578125 0.35950413281250004 0.8512396687500001 0.409090909375 0.8471074375000001 0.4524793390625 0.8595041328124999 0.5433884296875 0.8595041328124999 0.5909090906250001 0.84297520625 0.6219008265625
1 1 0.6856498859375 0.8946280984375001 0.6818181812499999 0.8739669421875 0.6859504125 0.8574380171874999 0.7004132234375 0.8491735531250001 0.6818181812499999 0.8471074375000001 0.6962809921875001 0.828512396875 0.7252066109374999 0.8140495874999999 0.7396694218750001 0.7851239671875 0.747933884375 0.8099173546875 0.7458677687499999 0.8057851234375001 0.764462809375 0.7768595046875 0.7851239671875 0.7066115703125 0.8595041328124999 0.6136363640625 0.9090909093749999 0.5640495875 0.9276859500000001 0.5392561984375 0.9483471078125 0.5268595046875 0.9504132234375 0.52066115625 0.9648760328125 0.51239669375 0.9648760328125 0.49793388437499997 0.983471075 0.47314049531249996 1 0.49739016875 1 0.582644628125 0.9338842968750001 0.6528925625 0.90702479375 0.7272727265625 0.8615702484375 0.8119834703125001 0.7747933890625001 0.82644628125 0.7747933890625001 0.8243801656249999 0.764462809375 0.838842975 0.7417355375 0.8801652890625 0.6921487609375 0.9008264468749999 0.6859504125 0.9917355375 0.6921487609375 1 0.6890495875 1 0.6856498859375
1 0.8553719015624999 0.417355371875 0.8491735531250001 0.45454545468749996 0.8615702484375 0.5433884296875 0.8636363640625 0.5950413218749999 0.8574380171874999 0.6074380171875 0.8595041328124999 0.6074380171875 0.8719008265625 0.599173553125 0.8719008265625 0.5537190078124999 0.853305784375 0.4359504125 0.8553719015624999 0.417355371875
1 0.8863636359375 0.36157024843749996 0.9524793390624999 0.2892561984375 0.8925619828125001 0.34090909062499997 0.8904958671875001 0.353305784375 0.8739669421875 0.3657024796875 0.8595041328124999 0.3946280984375 0.8677685953125 0.3946280984375 0.8863636359375 0.36157024843749996
1 0.820247934375 0.7975206609375001 0.83471074375 0.8574380171874999 0.836776859375 0.8595041328124999 0.838842975 0.8161157031249999 0.83471074375 0.7913223140625 0.8223140499999999 0.77066115625 0.820247934375 0.7975206609375001
1 0.8512396687500001 0.6983471078125 0.8739669421875 0.5909090906250001 0.8553719015624999 0.42355371875000003 0.8760330578125 0.3677685953125 0.8574380171874999 0.3946280984375 0.8471074375000001 0.4400826453125 0.8595041328124999 0.5433884296875 0.8595041328124999 0.58471074375 0.8409090906250001 0.6260330578125 0.8491735531250001 0.66528925625 0.8471074375000001 0.6983471078125 0.8512396687500001 0.6983471078125
1 1 0.6836458984375 0.8987603312499999 0.679752065625 0.8739669421875 0.6859504125 0.8595041328124999 0.6983471078125 0.853305784375 0.6921487609375 0.8595041328124999 0.6549586781250001 0.8553719015624999 0.6404958671875 0.8595041328124999 0.6301652890625 0.8615702484375 0.6342975203125001 0.8574380171874999 0.6239669421875 0.8636363640625 0.6115702484375001 0.8739669421875 0.603305784375 0.8884297515625 0.6115702484375001 0.913223140625 0.6115702484375001 0.904958678125 0.5971074375 0.8842975203125001 0.599173553125 0.8739669421875 0.588842975 0.8574380171874999 0.42355371875000003 0.8739669421875 0.38016528906249997 0.9607438015625 0.2830578515625 0.9504132234375 0.2830578515625 0.8884297515625 0.34090909062499997 0.853305784375 0.39876033125 0.8471074375000001 0.4524793390625 0.8595041328124999 0.578512396875 0.8409090906250001 0.6301652890625 0.832644628125 0.6342975203125001 0.6983471078125 0.518595040625 0.6756198343750001 0.49380165312499996 0.663223140625 0.46900826406249996 0.6239669421875 0.42975206562499996 0.6074380171875 0.38842975156250004 0.6095041328125 0.349173553125 0.60123966875 0.324380165625 0.570247934375 0.27272727343750003 0.5971074375 0.2768595046875 0.661157025 0.3016528921875 0.7396694218750001 0.3636363640625 0.7601012390624999 0.3956797515625 0.7954545453125 0.47314049531249996 0.8037190078125 0.51239669375 0.8243801656249999 0.5557851234375 0.836776859375 0.566115703125 0.832644628125 0.57644628125 0.8409090906250001 0.586776859375 0.845041321875 0.5805785125 0.8305785125 0.5516528921875 0.828512396875 0.5289256203125 0.7830578515625 0.417355371875 0.7396694218750001 0.3471074375 0.6549586781250001 0.2768595046875 0.6425619828125 0.2809917359375 0.5743801656249999 0.264462809375 0.5475206609375001 0.24173553750000001 0.49586776875 0.21487603281249998 0.46694214843750004 0.18388429687500002 0.43181818125 0.16528925625 0.32231405 0.1322314046875 0.353305784375 0.154958678125 0.41115702499999995 0.167355371875 0.45041322343749995 0.19008264531250002 0.4710743796875 0.21280991718750003 0.4359504125 0.21487603281249998 0.4442148765625 0.2272727265625 0.49586776875 0.239669421875 0.5516528921875 0.2747933890625 0.5909090906250001 0.336776859375 0.5971074375 0.3574380171875 0.5950413218749999 0.3863636359375 0.58471074375 0.38842975156250004 0.5537190078124999 0.3657024796875 0.5309917359375 0.3574380171875 0.5103305781249999 0.3574380171875 0.5392561984375 0.3739669421875 0.5619834703125 0.3780991734375 0.59297520625 0.400826446875 0.6115702484375001 0.4421487609375 0.6528925625 0.48347107500000003 0.66528925625 0.506198346875 0.752066115625 0.5950413218749999 0.81818181875 0.6342975203125001 0.8409090906250001 0.65702479375 0.845041321875 0.6818181812499999 0.8409090906250001 0.7066115703125 0.8223140499999999 0.72933884375 0.7871900828125 0.743801653125 0.766528925 0.7603305781249999 0.7024793390624999 0.7789256203125 0.7024793390624999 0.7851239671875 0.7272727265625 0.7892561984375 0.733471075 0.7789256203125 0.7541322312500001 0.7768595046875 0.7975206609375001 0.75 0.8078512390625001 0.7541322312500001 0.8057851234375001 0.764462809375 0.7871900828125 0.7830578515625 0.7768595046875 0.7851239671875 0.6962809921875001 0.8677685953125 0.6157024796874999 0.9090909093749999 0.5681818187500001 0.9256198343750001 0.5309917359375 0.9504132234375 0.52066115625 0.9504132234375 0.49793388437499997 0.983471075 0.46922575 1 0.49554990468750004 1 0.58471074375 0.93181818125 0.650826446875 0.90702479375 0.7107438015625 0.8719008265625 0.8119834703125001 0.7747933890625001 0.820247934375 0.7768595046875 0.82644628125 0.8119834703125001 0.8305785125 0.904958678125 0.84297520625 0.8677685953125 0.84297520625 0.836776859375 0.8305785125 0.7809917359375 0.83471074375 0.747933884375 0.8636363640625 0.7169421484375 0.8719008265625 0.6983471078125 0.904958678125 0.6859504125 0.93181818125 0.6921487609375 1 0.690525384375 1 0.6836458984375