0 0.351405621875 0.5120481921875 0.365461846875 0.5 0.365461846875 0.47188755000000004 0.3393574296875 0.45582329374999997 0.31726907656250003 0.465863453125 0.31325301250000004 0.4899598390625 0.3333333328125 0.5120481921875 0.351405621875 0.5120481921875
2 0.8052208828125 0.5783132531249999 0.8012048187499999 0.520080321875 0.7831325296875 0.48594377499999997 0.7429718875 0.45180722968750003 0.692771084375 0.4437751 0.6606425703125 0.4538152609375 0.5823293171875 0.5180722890625 0.57228915625 0.57228915625 0.5742971890625 0.6104417671875 0.598393575 0.6767068265625 0.6345381531250001 0.6586345375 0.6526104421875 0.6987951812500001 0.6666666671875 0.7028112453124999 0.7248995984375 0.6526104421875 0.7389558234375 0.6465863453125 0.763052209375 0.650602409375 0.7891566265625001 0.6385542171874999 0.8052208828125 0.5783132531249999
1 0.5261044171875 0.8875502015625001 0.678714859375 0.7469879515625 0.6987951812500001 0.7088353406250001 0.6987951812500001 0.6807228921874999 0.6586345375 0.7309236953125 0.5702811249999999 0.8172690765624999 0.5562249 0.8453815265625 0.514056225 0.8835341359375001 0.514056225 0.8895582328125 0.5261044171875 0.8875502015625001
1 0.5401606421875 0.351405621875 0.550200803125 0.365461846875 0.606425703125 0.3875502015625 0.6044176703125 0.3755020078125 0.5682730921875 0.3453815265625 0.5401606421875 0.351405621875
1 0.522088353125 0.3112449796875 0.5100401609375 0.31526104374999997 0.5020080328125001 0.3313253015625 0.51606425625 0.3413654625 0.52811245 0.3393574296875 0.5180722890625 0.3273092375 0.522088353125 0.3112449796875
1 0.6887550203125 0.47188755000000004 0.6746987953125 0.43373493906249994 0.5763052203125001 0.28714859375 0.5381526109375 0.23694779062500002 0.49397590312500006 0.19879518125 0.491967871875 0.208835340625 0.5702811249999999 0.3052208828125 0.6305220890625 0.40361445781249994 0.6887550203125 0.47188755000000004
1 0.8092369484375 0.522088353125 0.8092369484375 0.534136546875 0.905622490625 0.5401606421875 0.9638554218750001 0.5361445781249999 0.9738955828125 0.52811245 0.8092369484375 0.522088353125
1 0.8092369484375 0.662650603125 0.8734939765625 0.6947791171875 0.9036144578125 0.72690763125 0.8975903609375001 0.706827309375 0.8734939765625 0.6807228921874999 0.7891566265625001 0.64257028125 0.793172690625 0.39558232968749996 0.85742971875 0.31927710781249996 0.8694779109375 0.28915662656249996 0.7831325296875 0.3895582328125 0.765060240625 0.42570281093749995 0.6827309234375 0.457831325 0.6686746984374999 0.45180722968750003 0.6666666671875 0.4759036140625 0.6907630515625 0.4899598390625 0.7008032125 0.5120481921875 0.6987951812500001 0.52811245 0.6746987953125 0.5542168671875001 0.67068273125 0.5702811249999999 0.6767068265625 0.598393575 0.7088353406250001 0.6104417671875 0.7108433734374999 0.6244979921875 0.6987951812500001 0.650602409375 0.6445783125 0.68473895625 0.6405622484375 0.6947791171875 0.650602409375 0.6947791171875 0.6666666671875 0.7188755015625 0.6546184734375 0.7409638546874999 0.5783132531249999 0.8092369484375 0.55823293125 0.8032128515625001 0.514056225 0.8112449796875 0.508032128125 0.8172690765624999 0.550200803125 0.8353413656249999 0.550200803125 0.8453815265625 0.514056225 0.8815261046874999 0.4377510046875 0.9176706828125001 0.44779116406249997 0.921686746875 0.520080321875 0.893574296875 0.5461847390625 0.87148594375 0.580321284375 0.8253012046875 0.6907630515625 0.7329317265624999 0.692771084375 0.71285140625 0.734939759375 0.662650603125 0.7710843374999999 0.6646586343750001 0.78714859375 0.6566265062500001 0.8092369484375 0.662650603125
1 0.35542168749999997 0 0.35542168749999997 0.0040160640625 0.3734939765625 0.036144578125 0.491967871875 0.1887550203125 0.465863453125 0.1164658640625 0.3895582328125 0.034136546875 0.36947791093750004 0.0040160640625 0.36947791093750004 0 0.35542168749999997 0
1 0.6084337343749999 0.35542168749999997 0.6546184734375 0.421686746875 0.6084337343749999 0.3413654625 0.6084337343749999 0.35542168749999997
1 0.5662650609375001 0.2951807234375 0.606425703125 0.337349396875 0.564257028125 0.2811244984375 0.5662650609375001 0.2951807234375
1 0.5020080328125001 0.2108433734375 0.534136546875 0.25903614531249997 0.5542168671875001 0.277108434375 0.55823293125 0.2670682734375 0.53012048125 0.2309236953125 0.5020080328125001 0.2108433734375
1 0.3261847390625 1 0.34939759062500003 0.965863453125 0.522088353125 0.8975903609375001 0.7891566265625001 0.650602409375 0.77309236875 0.6405622484375 0.7570281125 0.6124497984375 0.748995984375 0.6305220890625 0.7248995984375 0.648594378125 0.722891565625 0.6646586343750001 0.706827309375 0.6646586343750001 0.6325301203125 0.7610441765625 0.5783132531249999 0.8072289156249999 0.534136546875 0.8012048187499999 0.48795180781249997 0.8212851406249999 0.41164658593750003 0.8212851406249999 0.4598393578125 0.88554216875 0.45180722968750003 0.9036144578125 0.3453815265625 0.9457831328124999 0.2710843375 0.9377510046875001 0.19277108437499998 0.84337349375 0.162650603125 0.8192771078125001 0.12449799218749999 0.8172690765624999 0.0763052203125 0.7971887546875001 0.0401606421875 0.722891565625 0.006024096875 0.6887550203125 0 0.68634538125 0 0.698714859375 0.036144578125 0.7449799203125 0.0742971890625 0.8132530125 0.136546184375 0.8313253015625 0.1887550203125 0.8594377515625 0.2610441765625 0.949799196875 0.307228915625 0.9598393578125 0.3232931734375 0.9759036140624999 0.3105362625 1 0.3261847390625 1
1 0.85742971875 0.321285140625 0.8755020078125 0.277108434375 0.7811244984375 0.393574296875 0.77309236875 0.41767068281249997 0.85742971875 0.321285140625
1 0.6004016062499999 0.335341365625 0.6546184734375 0.429718875 0.6726907625 0.4437751 0.6305220890625 0.36947791093750004 0.534136546875 0.2329317265625 0.49397590312500006 0.19277108437499998 0.45582329374999997 0.20080321250000002 0.49598393593749995 0.21285140624999999 0.51606425625 0.2329317265625 0.5361445781249999 0.2670682734375 0.6004016062499999 0.335341365625
1 0 0.6992971890625 0.042168675 0.7550200796875 0.07228915625 0.8132530125 0.1405622484375 0.8333333328125001 0.18473895625 0.85742971875 0.26305220937499996 0.949799196875 0.3032128515625 0.9578313250000001 0.321285140625 0.9518072296875 0.32931726875 0.9638554218750001 0.335341365625 0.9618473890624999 0.337349396875 0.9538152609375 0.036144578125 0.720883534375 0.014056225 0.6947791171875 0 0.6877510046875 0 0.6992971890625